# atom   nres   name    charge        NPBC_SLV        NPBC_VAC         PBC_SLV         PBC_VAC      FFT_LS_PBC      FFT_RF_PBC
     1      1     C1    0.0000    -525.2850754    -962.9647815    -513.2887034    -705.4726160     187.6822272     119.9590917
     2      1     C2    0.2700    -201.9401782    -645.6842453    -190.0475653    -388.6955886     193.6079729     128.0921074
     3      1     O1   -0.6350   -2796.8054165   -3240.0483824   -2785.1933256   -2985.3996142     195.1788308     126.6431793
     4      1     O2   -0.6350   -4472.6620700   -4904.5443161   -4460.8946849   -4646.7891676     182.0865910     120.4182539
     5      1     C1    0.0000    -192.8150978    -627.2126921    -183.0502014    -382.1252370     195.5361022     126.6403997
     6      1     C2    0.0000    -193.4296168    -627.7079303    -183.6772867    -378.8449510     191.5618348     127.5420473
     7      1     C3    0.0000    -178.3444524    -568.5310080    -168.4061057    -319.7459711     146.3112790      86.7586742
     8      1     C4    0.0000    -140.2889883    -498.9128824    -130.3009901    -253.9544319     116.7353491      54.4721888
     9      1     C5    0.0000    -140.2844553    -531.8661308    -130.4603872    -289.3370679     153.6324611      84.4911728
    10      1     C6    0.0000    -199.2306083    -651.7591972    -189.5452386    -406.5459442     214.2699895     141.4310312
    11      1     C7    0.0000    -207.2620196    -664.2127088    -197.4541468    -411.0955407     209.8562495     147.3711969
    12      1     C8    0.0000    -174.8143505    -566.3562019    -164.7714589    -312.1584500     142.8159718      89.6681198
    13      1     C9    0.0000    -124.3557216    -471.5200694    -114.1864651    -223.5403190     103.5636158      42.6464219
    14      1    C10    0.0000    -123.8376030    -518.2006473    -113.9630844    -275.6581571     156.7586968      82.7398685
    15      1    C11    0.0000    -152.0389503    -584.1931533    -142.3109458    -340.6672794     195.8287361     113.9398785
    16      1    C12    0.0000    -202.8478934    -658.8828283    -193.1237665    -410.1424686     213.3765027     140.9655298
    17      1    C13    0.0000    -202.4606194    -664.5270368    -192.6676794    -411.7831341     215.3413819     149.0327004
    18      1    C14    0.0000    -197.0339402    -640.1621957    -187.0033892    -382.8419891     191.9044941     133.3585375
    19      1    C15    0.0000    -188.1194704    -609.6555781    -178.0148311    -351.1080969     169.2210771     115.0970024
    20      1    C16    0.0000    -147.2143997    -522.2064084    -136.9463238    -264.8754085     124.0116077      73.9988138
    21      1    C17    0.0000    -129.4932369    -490.4794519    -119.1967439    -235.7213244     112.5968357      56.6896297
    22      1    C18    0.0000    -112.3979355    -483.9539915    -102.2909525    -234.6739421     128.0370459      61.3729434
    23      1    C19    0.0000    -108.9705386    -495.6019288     -99.0116650    -249.3114977     145.5143545      72.5867275
    24      1    C20    0.0000    -129.8639518    -543.7779518    -120.0419656    -300.4445274     176.3894529      93.8713579
    25      1    C21    0.0000    -142.1306402    -560.6935031    -132.3035128    -314.8342378     179.9968987      90.6932659
    26      1    C22    0.0000    -159.2906103    -580.1782703    -149.4100467    -331.6195597     178.5233405      97.6683529
    27      1    C23    0.0000    -169.8605921    -607.0486613    -159.8222178    -350.7701201     187.2079265     122.7632789
    28      1    C24    0.0000    -156.0788436    -590.8601006    -146.0089498    -331.6511903     180.8635175     121.1590452
    29      1    C25    0.0000    -153.4496422    -570.6566265    -143.1813129    -306.9230445     159.7493953     108.6771492
    30      1    C26    0.0000    -149.9111876    -549.9498001    -139.4776279    -285.5491408     142.3231127      93.6920236
    31      1    C27    0.0000    -132.4786192    -525.7967424    -122.1007497    -264.5801880     140.2206462      78.9277841
    32      1    C28    0.0000    -128.6709769    -531.1761797    -118.3936553    -272.9278216     151.6986058      82.9551547
    33      1    C29    0.0000    -112.8080864    -524.3501108    -102.8947145    -273.6580836     166.7114298      84.4519255
    34      1    C30    0.0000    -128.7049991    -544.3588847    -118.7560362    -296.2785081     173.5648585      84.0959133
    35      1    C31    0.0000    -142.7735135    -559.5815949    -132.8273798    -310.0541700     173.2701166      76.0882279
    36      1    C32    0.0000    -145.2483922    -537.4792349    -135.1253433    -284.7102890     145.0319238      66.1743575
    37      1    C33    0.0000    -148.8872217    -552.6755892    -138.7049619    -296.4278714     153.9385212      84.9916945
    38      1    C34    0.0000    -133.7322212    -552.2614236    -123.5351510    -289.2507614     161.4253562     104.2508237
    39      1    C35    0.0000    -141.0010665    -562.7684576    -130.6732686    -296.3536601     161.2607906     108.3708986
    40      1    C36    0.0000    -141.3370479    -557.9675531    -130.9058189    -287.4213385     151.8867523     100.3569542
    41      1    C37    0.0000    -149.9937844    -570.5102767    -139.5726632    -300.6382850     156.4676243      96.4313853
    42      1    C38    0.0000    -145.9709489    -581.5039374    -135.7456094    -317.4453918     177.9905558     100.4130449
    43      1    C39    0.0000    -139.6876453    -578.5880570    -129.6232590    -318.3784129     184.9228034     100.5812841
    44      1    C40    0.0000    -152.3451937    -583.9997473    -142.3813017    -332.0583030     185.9597952      88.2650831
    45      1    C41    0.0000    -150.7721776    -566.8437816    -140.7706905    -312.1553686     167.2310413      72.5265157
    46      1    C42    0.0000    -137.0129982    -521.4834994    -126.8610722    -266.1247842     134.7397350      50.2035938
    47      1    C43    0.0000    -126.8624577    -516.4790529    -116.6410254    -256.4760012     135.5701123      69.0380071
    48      1    C44    0.0000    -133.6265473    -538.6854060    -123.3166618    -274.5618651     148.1350503      88.8900426
    49      1    C45    0.0000    -140.1214880    -566.5590963    -129.7402086    -294.9892278     160.0487627     107.9707327
    50      1    C46    0.0000    -150.0046513    -584.2566981    -139.6213428    -309.0040945     164.3364070     110.1202251
    51      1    C47    0.0000    -212.0989261    -658.8313524    -201.6130456    -383.4752340     177.7412616     106.7478219
    52      1    C48    0.0000    -182.0608986    -636.8481851    -171.7717751    -363.6494753     187.5788810     106.4676274
    53      1    C49    0.0000    -187.4563145    -653.9582617    -177.4064033    -388.0977909     207.0740430     114.1811340
    54      1    C50    0.0000    -192.9118165    -654.7523554    -182.9641366    -394.3263625     207.6243634     109.6490736
    55      1    C51    0.0000    -201.4386953    -657.9931546    -191.4543916    -396.3813435     200.9275063     105.0281286
    56      1    C52    0.0000    -134.8257809    -526.1954064    -124.5956959    -265.5318673     137.0533720      60.8064074
    57      1    C53    0.0000    -144.8163422    -565.0598175    -134.4282321    -294.9790020     155.4126310      98.0916693
    58      1    C54    0.0000    -201.2445705    -647.8471367    -190.8288559    -369.1568288     172.1691173     105.6292209
    59      1    C55    0.0000    -213.9218117    -684.7249397    -203.6562465    -411.2147665     203.0820778     113.9908134
    60      1    C56    0.0000    -220.2239277    -677.8690964    -210.0203338    -409.4819091     193.7553379     104.9010949
    61      1    C57    0.0000    -155.8062790    -581.1498646    -145.5719095    -313.8601615     162.5350599      84.4647653
    62      1    C58    0.0000    -154.4447783    -585.9959359    -144.1458665    -313.1028469     163.5399019      95.3856355
    63      1    C59    0.0000    -215.9706410    -665.4516997    -205.5592750    -387.7308081     175.4775252     101.1455807
    64      1    C60    0.0000    -253.1566730    -719.2247454    -242.6404443    -445.0125322     197.2315811     111.4138292
    65      1    C61    0.2700      17.4787378    -441.9258127      28.9472518    -172.4643545     197.0701225     119.3144674
    66      1    O61   -0.6350   -3467.4430598   -3927.1703427   -3455.8843140   -3662.3321636     200.8720135     121.1513194
    67      1    O62   -0.6350   -3879.7255661   -4336.6052089   -3868.0126221   -4066.9547036     192.6590210     122.7749285

