# atom   nres   name    charge        NPBC_SLV        NPBC_VAC         PBC_SLV         PBC_VAC      FFT_LS_PBC      FFT_RF_PBC
     1      1     C1    0.0000    -237.0913815    -443.5513638    -228.8674047    -313.4282393      82.9805426      55.4931311
     2      1     C2    0.0000    -187.5656335    -381.2914160    -179.3980176    -254.0339577      72.7134335      52.5730081
     3      1     O1    0.0000    -213.3812633    -413.3896238    -205.4003858    -286.9298309      79.1105374      61.9437154
     4      1     O2    0.0000    -127.9090980    -305.6137720    -119.8679157    -179.5467094      57.8934198      41.6729810
     5      1     C1    0.0000     -31.1822756    -229.2381437     -24.7431357    -113.5155938      87.4058885      79.4126936
     6      1     C2    0.0000     -28.7910198    -218.7087424     -22.2900167    -101.1683604      77.6579356      71.9803141
     7      1     C3    0.0000     -30.3342565    -211.3019177     -23.6603858     -89.5219129      64.7700868      47.1095944
     8      1     C4    0.0000     -30.8658916    -222.5480214     -24.2164938     -98.2884249      73.3847734      45.1279124
     9      1     C5    0.0000     -34.2708757    -228.6229181     -27.6656569    -108.9062914      80.8330216      58.8994527
    10      1     C6    0.0000     -34.5193744    -232.5092058     -28.1881227    -120.5826295      90.9662735      90.2344659
    11      1     C7    0.0000     -29.3194799    -209.5153106     -22.8328041     -92.8347160      68.6920315      71.1177574
    12      1     C8    0.0000     -34.0651739    -201.7448933     -27.3095933     -78.6706887      50.5539656      29.5545406
    13      1     C9    0.0000     -41.0878171    -245.7076849     -34.3078995    -116.3533781      81.5921679      41.6001878
    14      1    C10    0.0000     -43.6165076    -239.9267707     -37.0301810    -121.8189798      84.6760886      58.2800191
    15      1    C11    0.0000     -41.8465895    -227.3510563     -35.5000834    -116.8297288      79.5241685      74.9400703
    16      1    C12    0.0000     -35.0254437    -228.8869701     -28.6925545    -116.0289880      85.4280292      91.5247200
    17      1    C13    0.0000     -32.8033554    -216.9896983     -26.3519140    -101.1278735      73.0632774      79.2683829
    18      1    C14    0.0000     -31.1304046    -189.3022800     -24.4879815     -69.4516743      43.9110833      42.6194327
    19      1    C15    0.0000     -36.5294419    -191.5847358     -29.7333727     -69.6705790      39.4483123      27.1412494
    20      1    C16    0.0000     -42.1093814    -218.7797269     -35.2868447     -91.5851665      55.4439150      20.5314694
    21      1    C17    0.0000     -50.1092247    -253.6223195     -43.2389699    -122.0220000      77.9366402      34.3463549
    22      1    C18    0.0000     -54.5762287    -280.3759987     -47.8174230    -149.8868264     102.6267540      59.1212595
    23      1    C19    0.0000     -54.1534828    -270.0558527     -47.5183679    -146.2801315      98.7410882      61.5644292
    24      1    C20    0.0000     -50.6539146    -240.6241463     -44.1844141    -127.5471597      82.4184330      65.4649209
    25      1    C21    0.0000     -48.3678415    -229.1565043     -42.0262235    -116.8119887      72.9216881      73.8590793
    26      1    C22    0.0000     -43.2502741    -226.3617293     -36.8433490    -111.2397396      72.1886281      78.5927729
    27      1    C23    0.0000     -37.8912888    -204.3934438     -31.2143622     -82.1921288      48.8854629      51.9663870
    28      1    C24    0.0000     -36.3238952    -189.2308948     -29.5717103     -65.2405082      34.7112942      32.5364537
    29      1    C25    0.0000     -48.4599029    -198.6115822     -41.5239727     -73.1025732      31.9370083       9.8932718
    30      1    C26    0.0000     -52.1830003    -221.9571045     -45.3068349     -94.0722820      48.5039369      13.2464611
    31      1    C27    0.0000     -71.0714075    -308.4007676     -64.2694236    -171.8790884     107.2822294      57.4932217
    32      1    C28    0.0000     -75.7201961    -331.6620263     -68.9903209    -195.6566932     126.7012280      80.3122694
    33      1    C29    0.0000     -73.9038332    -304.3142102     -67.3999179    -181.6565726     113.8334761      83.3485852
    34      1    C30    0.0000     -69.9685522    -275.0882627     -63.5511619    -159.2404444      94.3168893      73.9863464
    35      1    C31    0.0000     -78.8802245    -267.5965351     -72.4079084    -149.9297216      75.1411128      69.5191729
    36      1    C32    0.0000     -54.5100796    -237.8053393     -47.8745005    -113.3827527      62.6613197      65.8796009
    37      1    C33    0.0000     -50.8479926    -224.4379289     -44.0462736     -96.2682239      49.8427896      49.9557023
    38      1    C34    0.0000     -51.2534779    -194.9564001     -44.2122450     -63.6645536      18.3774445       4.6104728
    39      1    C35    0.0000     -56.3579421    -194.9095071     -49.2868149     -64.2350213      14.4708344      -8.1728585
    40      1    C36    0.0000     -78.3530351    -270.4184224     -71.4317847    -136.4376194      63.9777756      19.9894598
    41      1    C37    0.0000    -103.4706437    -342.3226511     -96.6148730    -204.0900539     106.5827390      57.7082437
    42      1    C38    0.0000    -110.6530444    -403.4931443    -104.0872027    -266.0469316     160.5929847     121.5027610
    43      1    C39    0.0000    -103.6120384    -378.7229811     -97.1563664    -248.1076464     149.4070836     119.8778152
    44      1    C40    0.0000     -96.8293803    -304.3886650     -90.3989421    -185.7101552      92.8995230      79.6328652
    45      1    C41    0.0000    -115.0742981    -315.9829737    -108.3632803    -187.3720950      76.3187744      70.9336326
    46      1    C42    0.0000     -87.4962086    -283.3081652     -80.6900943    -150.8071329      67.0719466      64.4021566
    47      1    C43    0.0000     -66.4217808    -238.8654155     -59.3753365    -100.1395351      38.3315834      29.7216726
    48      1    C44    0.0000     -62.9237614    -210.2281178     -55.7499377     -70.2552540      12.3260028      -4.5279601
    49      1    C45    0.0000     -75.8778844    -202.7126739     -68.6131267     -64.3301568      -7.9935718     -40.4921266
    50      1    C46    0.0000    -104.7927972    -270.0094328     -97.6361913    -130.9845727      30.4306807      -9.8617701
    51      1    C47    0.0000    -172.9212477    -447.4764140    -166.1615731    -304.1914914     138.5592867      94.6230999
    52      1    C48    0.0000    -174.7436399    -496.0627967    -168.2121120    -353.2562269     185.0599864     148.8499604
    53      1    C49    0.0000    -139.4808934    -430.9979779    -133.0948156    -297.6543617     162.2142913     143.4677405
    54      1    C50    0.0000    -144.2241219    -387.9152368    -137.7530456    -259.4010341     118.6829862     106.1103871
    55      1    C51    0.0000    -162.6338432    -392.5922384    -155.9654861    -257.2894954      98.2192295      89.6286653
    56      1    C52    0.0000     -87.6144350    -282.0271955     -80.6249795    -139.3380065      55.6998859      47.4926168
    57      1    C53    0.0000     -84.5304450    -211.0595331     -77.1405728     -65.9044394     -17.0799166     -44.5837678
    58      1    C54    0.0000    -170.7038219    -380.7213018    -163.6604944    -235.3077916      67.8336812      27.8484988
    59      1    C55    0.0000    -183.2333925    -512.9129958    -176.7796819    -370.4606257     192.1503603     169.6941163
    60      1    C56    0.0000    -192.9168726    -438.8172711    -186.0290187    -293.0010027     103.9043465      92.4338457
    61      1    C57    0.0000    -131.1502254    -335.8859257    -124.0420789    -186.8692892      58.0648113      44.2164587
    62      1    C58    0.0000    -119.5006734    -279.2426480    -112.1618209    -128.4981847       8.9168913     -15.4599291
    63      1    C59    0.0000    -180.8755919    -391.2182337    -173.7475584    -241.2778113      61.6008530      32.8080747
    64      1    C60    0.0000    -219.1235816    -499.1904827    -212.2440782    -352.4554051     138.3837881     119.0073682
    65      1    C61    0.2700     262.3954442       5.9511507     269.9015341     146.9041051     118.3328749      95.2439381
    66      1    O61   -0.6350   -3487.2357355   -3730.1985585   -3479.6272851   -3593.4637798     110.5016346      90.7395748
    67      1    O62   -0.6350   -3811.6627638   -4062.1452579   -3803.9985973   -3921.9802189     114.0496450      84.6509303

